3 0.142969 0.297917 0.284896 0.302083
3 0.593490 0.708333 0.492188 0.393750
3 0.789323 0.869010 0.421354 0.260938
3 0.391406 0.163281 0.269271 0.249479
3 0.182031 0.609375 0.363021 0.425000
3 0.655990 0.344531 0.333854 0.336979
3 0.415365 0.417969 0.380729 0.358854
3 0.885938 0.517448 0.228125 0.402604
3 0.854688 0.239844 0.290625 0.284896
3 0.177083 0.084375 0.308333 0.168750
3 0.584896 0.110156 0.264583 0.220313
3 0.273438 0.914583 0.488542 0.169792
3 0.773958 0.068229 0.311458 0.136458
3 0.039844 0.836719 0.078646 0.311979
3 0.027604 0.143490 0.054167 0.208854
3 0.419531 0.032292 0.245312 0.064583
3 0.950521 0.155208 0.098958 0.280208
