3 0.857031 0.297917 0.284896 0.302083
3 0.406510 0.708333 0.492188 0.393750
3 0.210677 0.869010 0.421354 0.260938
3 0.608594 0.163281 0.269271 0.249479
3 0.817969 0.609375 0.363021 0.425000
3 0.344010 0.344531 0.333854 0.336979
3 0.584635 0.417969 0.380729 0.358854
3 0.114063 0.517448 0.228125 0.402604
3 0.145313 0.239844 0.290625 0.284896
3 0.822917 0.084375 0.308333 0.168750
3 0.415104 0.110156 0.264583 0.220313
3 0.726562 0.914583 0.488542 0.169792
3 0.226042 0.068229 0.311458 0.136458
3 0.960156 0.836719 0.078646 0.311979
3 0.972396 0.143490 0.054167 0.208854
3 0.580469 0.032292 0.245312 0.064583
3 0.049479 0.155208 0.098958 0.280208
