3 0.851511 0.371732 0.296978 0.353822
3 0.386106 0.762281 0.503743 0.474197
3 0.198026 0.875419 0.396052 0.249162
3 0.640726 0.200963 0.279839 0.295867
3 0.778527 0.700711 0.388321 0.493722
3 0.373722 0.366374 0.350406 0.396422
3 0.586846 0.470836 0.396433 0.424869
3 0.139752 0.526600 0.260919 0.455244
3 0.203225 0.232996 0.303980 0.336053
3 0.847807 0.139623 0.304386 0.213711
3 0.468612 0.127692 0.271873 0.255384
3 0.656044 0.950129 0.472457 0.099743
3 0.299192 0.073926 0.304721 0.147852
3 0.881533 0.894058 0.111540 0.211885
3 0.970610 0.218952 0.058780 0.229253
3 0.631074 0.057808 0.234659 0.095495
3 0.125249 0.143672 0.126343 0.287344
