3 0.85703125 0.29791666666666666 0.28489583333333335 0.3020833333333333
3 0.40651041666666665 0.7083333333333334 0.4921875 0.39375
3 0.21067708333333332 0.8690104166666667 0.42135416666666664 0.2609375
3 0.60859375 0.16328125 0.26927083333333335 0.24947916666666667
3 0.81796875 0.609375 0.36302083333333335 0.425
3 0.34401041666666665 0.34453125 0.3338541666666667 0.33697916666666666
3 0.5846354166666666 0.41796875 0.3807291666666667 0.35885416666666664
3 0.1140625 0.5174479166666667 0.228125 0.40260416666666665
3 0.1453125 0.23984375 0.290625 0.28489583333333335
3 0.8229166666666666 0.084375 0.30833333333333335 0.16875
3 0.41510416666666666 0.11015625 0.26458333333333334 0.2203125
3 0.7265625 0.9145833333333333 0.48854166666666665 0.16979166666666667
3 0.22604166666666667 0.06822916666666666 0.31145833333333334 0.13645833333333332
3 0.96015625 0.83671875 0.07864583333333333 0.31197916666666664
3 0.9723958333333333 0.14348958333333334 0.05416666666666667 0.20885416666666667
3 0.58046875 0.03229166666666667 0.2453125 0.06458333333333334
3 0.049479166666666664 0.15520833333333334 0.09895833333333333 0.28020833333333334
